ALUMINUM:
E = 5431752.71435047 psi
v_slope = 0.303896103896104
v_calc = 0.303892376492938
G_slope = 2082905.13076156 psi
G_calc = 2082893.22213638 psi
J = 0.257325277167816 in^4
strain_x = [0 0;-2 -9;-4 -19;-7 -29;-9 -38] micro inch
strain_y = [0 0;4 13;10 27;17 40;23 54] micro inch
gamma_xy = [0 0;0 0;0 0;0 0;0 0] psi
stress_y = [0 0;140.6294 68.4931;281.2588 136.9862;421.8882 205.4792;562.5176 273.9723] psi
Mx = [0 0;24.125 11.75;48.25 23.5;72.375 35.25;96.5 47] in-lbf
My = [0;1.5464;2.3197;4.2527;5.4126] in-lbf
stress_ys = [0;4.1658;6.2487;11.456;14.5803] psi
alpha = [0;0.000165;0.000248;0.000455;0.000579] deg/in
theta = [0;0.004277;0.006416;0.011763;0.014971] degrees

COMPOSITE:
E = 1001072.22653334 psi
v_slope = 0.286168521462639
v_calc = -0.596509308724834
G_slope = 2097152 psi
G_calc = 383877.298023242 psi
J = 0.170921661717054 in^4
strain_x = [0 0;-29 -59;-63 -117;-92 -177;-127 -236] micro inch
strain_y = [0 0;47 107;96 215;146 324;195 434] micro inch
gamma_xy = [0 0;0 0;0 0;0 0;0 0] psi
stress_y = [0 0;211.7198 103.1174;423.4396 206.2348;635.1594 309.3522;846.8792 412.4697] psi
Mx = [0 0;24.125 11.75;48.25 23.5;72.375 35.25;96.5 47] in-lbf
My = [0;0.4983;-0.2491;0.7474;0] in-lbf
stress_ys = [0;2.0829;-1.0415;3.1244;0] psi
alpha = [0;8e-05;-4e-05;0.00012;0] deg/in
theta = [0;0.002075;-0.001037;0.003112;0] degrees