ALUMINUM:
E = 5100548.28054861 psi
v_slope = 0.285365853658537
v_calc = 0.25413366211404
G_slope = 2082905.13076156 psi
G_calc = 1984084.2457542 psi
J = 0.257325277167816 in^4
strain_x = [0 0;-1 -11;-3 -21;-5 -31;-6 -39] micro inch
strain_y = [0 0;7 13;14 27;21 41;28 54] micro inch
gamma_xy = [0 0;0 0;0 0;0 0;0 0] psi
stress_y = [0 0;140.6294 68.4931;281.2588 136.9862;421.8882 205.4792;562.5176 273.9723] psi
Mx = [0 0;24.125 11.75;48.25 23.5;72.375 35.25;96.5 47] in-lbf
My = [0;7.7322;14.3046;20.877;27.4494] in-lbf
stress_ys = [0;20.8291;38.5337;56.2384;73.9431] psi
alpha = [0;0.000827;0.001529;0.002232;0.002934] deg/in
theta = [0;0.021387;0.039566;0.057746;0.075925] degrees

COMPOSITE:
E = 996320.301407388 psi
v_slope = 0.277848101265823
v_calc = -0.596707879365663
G_slope = 2082905.13076156 psi
G_calc = 387562.925594904 psi
J = 0.170921661717054 in^4
strain_x = [0 0;-29 -56;-62 -115;-89 -173;-122 -232] micro inch
strain_y = [0 0;50 104;100 214;151 323;201 431] micro inch
gamma_xy = [0 0;0 0;0 0;0.0001 0;0.0001 0.0001] psi
stress_y = [0 0;211.7198 103.1174;423.4396 206.2348;635.1594 309.3522;846.8792 412.4697] psi
Mx = [0 0;24.125 11.75;48.25 23.5;72.375 35.25;96.5 47] in-lbf
My = [0;8.2218;16.1944;25.4127;32.887] in-lbf
stress_ys = [0;34.3679;67.6944;106.2282;137.4717] psi
alpha = [0;0.001323;0.002606;0.00409;0.005293] deg/in
theta = [0;0.034237;0.067437;0.105825;0.13695] degrees